# bead position (x,y,z)   charge  VdW_hh  VdW_hc  VdW_hl  WdW_ht  kstr  kben  ktor  Seq  Conn
# N-term
# G-head
5.2268  -3.8609   1.0762  -3.29   1.4360 1.7134  2.2180  1.6180  0     0     0   1    0
4.8939  -3.0429  -0.6935   4.22   1.4720 1.7368  2.2360  1.6360  0     0     0   2    0
5.7043  -3.2130   0.5458   8.48   1.4460 1.7199  2.2230  1.6230  0     0     0   3    0
4.5038  -3.7282   0.3817   0.28   1.5380 1.7797  2.2690  1.6690  0     0     0   4    0
4.1897  -3.9769  -0.8150   2.08   1.6180 1.8317  2.3090  1.7090  0     0     0   5    0
5.7580  -4.1316  -0.4953   3.27   1.5280 1.7732  2.2640  1.6640  10     1    0   6    1
# C-term
 5.55087   -4.48701    0.00000 3.36      1.8000 1.8000  2.7000  1.8000  10    1     0   7    1  
 6.37663   -4.16157    0.00000 0.00      1.8000 1.8000  2.7000  1.8000  10    1     0   8    1  
 6.32397   -5.04758    0.00000 5.04      1.8000 1.8000  2.7000  1.8000  10    1     0   9    1  
 7.14973   -4.72214    0.00000 1.68      1.8000 1.8000  2.7000  1.8000  10    1     0   10   1  
 7.09706   -5.60815    0.00000 3.36      1.8000 1.8000  2.7000  1.8000  10    1     0   11   1  
 7.92282   -5.28271    0.00000 3.36      1.8000 1.8000  2.7000  1.8000  10    1     0   12   1  
 7.87016   -6.16872    0.00000 3.36      1.8000 1.8000  2.7000  1.8000  10    1     0   13   1  
 8.69592   -5.84329    0.00000 1.68      1.8000 1.8000  2.7000  1.8000  10    1     0   14   1  
 8.64326   -6.72930    0.00000 5.04      1.8000 1.8000  2.7000  1.8000  10    1     0   15   1  
 9.46902   -6.40386    0.00000 3.36      1.8000 1.8000  2.7000  1.8000  10    1     0   16   1  
 9.41636   -7.28987    0.00000 3.36      1.8000 1.8000  2.7000  1.8000  10    1     0   17   1  
10.24211   -6.96443    0.00000 1.68      1.8000 1.8000  2.7000  1.8000  10    1     0   18   1  
10.18945   -7.85044    0.00000 3.36      1.8000 1.8000  2.7000  1.8000  10    1     0   19   1  
11.01521   -7.52500    0.00000 5.04      1.8000 1.8000  2.7000  1.8000  10    1     0   20   1  
10.96255   -8.41101    0.00000 5.04      1.8000 1.8000  2.7000  1.8000  10    1     0   21   1  
11.78831   -8.08558    0.00000 1.68      1.8000 1.8000  2.7000  1.8000  10    1     0   22   1  
11.73565   -8.97159    0.00000 3.36      1.8000 1.8000  2.7000  1.8000  10    1     0   23   1  
12.56141   -8.64615    0.00000 3.36      1.8000 1.8000  2.7000  1.8000  10    1     0   24   1  
12.50874   -9.53216    0.00000 3.36      1.8000 1.8000  2.7000  1.8000  10    1     0   25   1  
13.33450   -9.20672    0.00000 3.36      1.8000 1.8000  2.7000  1.8000  10    1     0   26   1  
13.28184  -10.09273    0.00000 5.04      1.8000 1.8000  2.7000  1.8000  10    1     0   27   1  
14.10760   -9.76729    0.00000 5.04      1.8000 1.8000  2.7000  1.8000  10    1     0   28   0